-41635
-40610
-36450
-37010
-35060
-32805
-29790
-31245
-30795
-27675
-28830
-29230
-29290
-29525
-29135
-29065
-26785
-25810
-28205
-27100
-28805
-26280
-28170
-26640
-26605
-25240
-25110
-27035
-27415
-29280
-31220
-29380
-27520
-27445
-26845
-26720
-29000
-27085
-27465
-27125
-27250
-29500
-30760
-26970
-26245
-28500
-25505
-27855
-28585
-28175
-28415
-27535
-29795
-27380
-29015
-27480
-27700
-28900
-28875
-26510
-26995
-30480
-29465
-25510
-27355
-25735
-29985
-28315
-28900
-29945
-27310
-29210
-28630
-28160
-28640
-27780
-27100
-29530
-27670
-29530
-28885
-27925
-29625
-29340
-26840
-28720
-28160
-29555
-29335
-25760
-27405
-27000
-29240
-29305
-27005
-29170
-30115
-29890
-30565
-27175
