-85170
-80445
-75130
-74685
-68495
-68675
-61275
-58405
-53960
-54080
-52190
-50350
-50455
-49910
-43915
-43105
-47065
-44140
-48030
-38485
-41910
-41840
-43630
-41330
-44135
-43250
-40355
-42390
-36220
-42400
-43435
-42730
-39400
-41490
-40820
-40700
-41940
-41930
-40420
-40285
-40445
-41505
-43255
-37635
-41545
-38215
-40585
-43535
-40055
-42505
-43640
-40440
-43985
-41840
-43010
-42130
-36630
-41205
-43750
-41860
-39935
-40625
-42415
-39505
-42845
-41860
-38245
-42300
-42410
-40465
-39265
-42995
-41530
-42585
-41665
-39755
-37060
-40940
-44205
-40140
-44950
-41480
-40860
-42980
-40720
-39705
-41830
-44285
-40325
-41830
-41935
-40615
-39690
-45690
-40185
-39765
-39570
-38875
-43325
-39075
