-89355
-86380
-83960
-76125
-72180
-64250
-66850
-62010
-59380
-58390
-51530
-52105
-52620
-47245
-47400
-41260
-44075
-46795
-43190
-39795
-38760
-40985
-40755
-41115
-39900
-38515
-36435
-37340
-36160
-35175
-37815
-35305
-40150
-33505
-34805
-34185
-32275
-33155
-35065
-33655
-39725
-36475
-34370
-34440
-31400
-30445
-31710
-28770
-33550
-34575
-31670
-31755
-33235
-31315
-33170
-28445
-30075
-32205
-33535
-33550
-32940
-31140
-32230
-30470
-30565
-30310
-31810
-31025
-30065
-35200
-32360
-31660
-31555
-36485
-34430
-32280
-33500
-28970
-30830
-32235
-30375
-29750
-31540
-31175
-30810
-30790
-31320
-33425
-32200
-30015
-29510
-29805
-31385
-27100
-30580
-31335
-29355
-29000
-30550
-32580
