-85710
-85625
-80350
-78540
-77135
-71580
-67525
-61915
-57255
-47565
-44395
-45415
-41945
-40510
-37985
-37980
-35780
-35565
-38130
-34190
-34590
-35000
-34175
-32750
-32100
-35280
-32430
-31585
-27750
-28725
-28875
-29600
-29660
-29085
-28920
-31480
-27405
-28365
-26370
-26775
-26820
-29000
-24915
-26685
-23725
-24975
-27000
-23995
-21145
-25210
-23395
-24180
-25530
-29630
-22295
-23910
-23805
-23115
-24930
-26375
-23110
-25775
-23245
-24240
-25255
-25080
-21545
-23115
-24390
-25770
-24285
-22820
-24165
-24095
-24460
-21540
-25590
-24285
-25115
-24180
-23090
-25360
-23290
-22845
-24165
-23165
-23695
-22900
-26875
-21535
-24675
-23915
-23730
-22880
-23175
-24440
-24555
-20475
-20010
-25300
-20720
